   9.8403966e-01
   6.5999652e-02
   9.7555218e-01
   9.6670760e-01
   7.0824914e-01
   9.1903385e-01
   9.0968516e-01
   9.2639480e-01
   9.6181189e-01
   9.5001951e-01
   9.9324903e-01
   9.4996119e-01
   6.1784560e-01
   9.7910129e-01
   8.7007502e-01
   9.9500000e-01
   9.9500000e-01
   9.9500000e-01
   9.4366923e-01
   1.3192806e-13
   3.1266067e-01
   9.8128182e-01
   7.8747279e-01
   9.9500000e-01
   9.8275622e-01
   9.0364095e-01
   9.3717302e-01
   1.5000000e+03
   0.0000000e+00
   2.1675007e+02
   1.1788883e+02
   9.2566509e+02
   8.3031357e+01
   3.0204955e+02
   1.2148574e+02
   2.9594247e+02
   5.2133429e+02
   7.8358992e-01
   1.1982190e-01
