0.037418974
0.003320618
0.000783125
0.000783125
0.000783125
0.005704369
0.077840626
0.037418974
0.003320618
0.000783125
0.000783125
0.000783125
0.005704369
0.077840626
0.019613443
0.004737776
0.004737776
0.004737776
0.004737776
0.004737776
0.076558091
0.001661371
0.001310481
0.003859221
0.095389078
0.001661371
0.001310481
0.003859221
0.095389078
0.003690471
0.000328916
0.002524999
0.096758579
0.008507515
0.000412562
0.002896817
0.088183105
0.068885725
0.010098764
0.008954209
0.018242585
0.088049444
0.001747847
0.010202709
0.103922552
0.054219838
0.052435269
0.010629732
0.061478436
0.005764162
0.002339488
0.0478507
0.0059674
0.0207295
0.012987985
0.004360764
0.053652676
0.004221266
0.022833797
0.00669651
0.008838782
0.003756971
0.058649095
0.003795633
0.021873762
0.010740546
0.004940963
0.092690106
0.005311791
0.001200982
0.000299734
0.000353904
0.000143627
0.003109241
0.000446851
0.003425281
0.093018627
0.053920497
0.004228856
0.022362952
0.006632696
0.008940516
0.003914481
0.072530743
0.004242404
0.012859696
0.008015549
0.002351608
0.030743881
0.001277403
0.00279043
0.065188286
0.016540335
0.016540335
0.016540335
0.011282248
0.078798629
0.009226884
0.001391659
0.004793096
0.005866212
0.006019994
0.093302618
0.028728235
0.006944472
0.006944472
0.006944472
0.006944472
0.006944472
0.006944472
0.054677498
