0.169422975
0.004328252
0.007831255
0.007831255
0.007831255
0.02434875
0.778406258
0.169422975
0.004328252
0.007831255
0.007831255
0.007831255
0.02434875
0.778406258
0.05464773
0.035954271
0.035954271
0.035954271
0.035954271
0.035954271
0.765580913
0.01661371
0.0024913
0.027004207
0.953890783
0.01661371
0.0024913
0.027004207
0.953890783
0.003875061
0.003289155
0.025249991
0.967585793
0.085075155
0.004125624
0.02896817
0.881831052
0.688857249
0.100987636
0.027729266
0.182425849
0.880494442
0.017478472
0.102027086
0.317921497
0.15354302
0.310371728
0.101661028
0.116502727
0.057641622
0.023394881
0.478506999
0.059674002
0.207295
0.129879851
0.043607645
0.536526756
0.042212658
0.228337967
0.066965097
0.088387817
0.037569705
0.586490952
0.037956334
0.21873762
0.107405461
0.049409633
0.92690106
0.053117911
0.012009819
0.002995905
0.003539035
0.001436271
0.031092406
0.004468514
0.034252806
0.930186274
0.539204973
0.042288561
0.223629524
0.066326965
0.089405164
0.039144812
0.725307435
0.04242404
0.128596961
0.080155489
0.023516075
0.307438812
0.012774026
0.027904304
0.651882859
0.061278755
0.061278755
0.061278755
0.028177441
0.787986294
0.012260236
0.005411469
0.016002046
0.014658983
0.018641089
0.933026177
0.036556707
0.069444719
0.069444719
0.069444719
0.069444719
0.069444719
0.069444719
0.546774982
