   1.6351102e-06
   1.8628045e-06
   7.3274667e-05
   2.3059183e-03
   2.3063385e-03
   5.9503667e-02
   9.3580730e-01
   1.7583597e-06
   2.0031721e-06
   7.8786802e-05
   2.4782684e-03
   2.3715731e-03
   5.9687908e-02
   9.3537970e-01
   2.0354709e-06
   2.1614222e-06
   8.6640848e-05
   2.7330201e-03
   2.3975529e-03
   5.9687587e-02
   9.3509100e-01
   1.4324080e-03
   7.6140782e-04
   3.0908932e-02
   9.6689725e-01
   1.6290540e-03
   7.6181244e-04
   3.0825393e-02
   9.6678374e-01
   1.9632403e-03
   7.9728367e-04
   3.0842773e-02
   9.6639670e-01
   6.0585035e-02
   7.0195238e-03
   3.3891538e-02
   8.9850390e-01
  -0.0000000e+00
  -0.0000000e+00
  -0.0000000e+00
  -0.0000000e+00
   9.7871449e-01
   2.1171020e-02
   1.1449000e-04
   7.1060572e-01
   3.5762472e-02
   1.0605196e-01
   1.2392185e-01
   2.3657999e-02
   4.3831305e-02
   2.3353921e-02
   6.5323215e-01
   4.3292140e-02
   1.0150159e-01
   1.1329424e-01
   2.1494660e-02
   7.9160324e-01
   4.6953474e-02
   1.1606386e-01
   1.3874033e-02
   2.7051803e-02
   4.4535872e-03
   8.0018014e-01
   3.9433013e-02
   1.1706973e-01
   2.1418867e-02
   2.1898248e-02
   9.0864774e-01
   5.0174002e-02
   2.9830874e-02
   3.4755113e-03
   6.7591172e-03
   1.1127578e-03
   8.3907631e-02
   7.6464194e-03
   3.3029413e-02
   8.7541654e-01
   8.4499884e-01
   4.8422676e-02
   7.6724447e-02
   9.1302364e-03
   1.7794297e-02
   2.9295037e-03
   9.5540494e-01
   4.1383885e-02
   1.7279662e-03
   1.2461951e-03
   2.3700867e-04
   6.1846117e-02
   7.0534209e-03
   3.3844922e-02
   8.9725554e-01
   1.8955791e-05
   1.5696111e-03
   1.1063522e-03
   4.1958639e-02
   9.5534644e-01
   1.5069743e-06
   3.6528552e-05
   1.6341508e-03
   2.3170511e-03
   5.1412419e-02
   9.4459834e-01
   2.5881485e-09
   1.6978240e-07
   3.7382483e-06
   7.6297849e-05
   1.7528682e-03
   4.1971348e-03
   7.0991012e-02
   9.2297878e-01
