   5.7110628e-06
   2.9938577e-05
   2.8494766e-04
   6.5501663e-03
   5.7034044e-03
   6.3508837e-02
   9.2391699e-01
   7.5395839e-06
   3.9523876e-05
   3.7613281e-04
   8.6411319e-03
   7.0681402e-03
   6.5573765e-02
   9.1829377e-01
   2.3008066e-04
   1.0924117e-04
   1.0253228e-03
   2.8371106e-02
   7.9721387e-03
   6.4240078e-02
   8.9805203e-01
   1.5187946e-02
   3.6787063e-03
   3.4005362e-02
   9.4712799e-01
   1.6632108e-02
   3.6287802e-03
   3.3718025e-02
   9.4602109e-01
   1.9384540e-02
   3.8180215e-03
   3.3725389e-02
   9.4307205e-01
   5.6618114e-02
   6.3779864e-03
   3.3825006e-02
   9.0317889e-01
  -0.0000000e+00
  -0.0000000e+00
  -0.0000000e+00
  -0.0000000e+00
   9.7871449e-01
   2.1171020e-02
   1.1449000e-04
   6.7258553e-01
   3.5235286e-02
   8.5735255e-03
   1.9931754e-01
   8.4288118e-02
   3.9901004e-02
   1.9294396e-02
   6.1689036e-01
   4.4287452e-02
   1.7944321e-02
   1.8455073e-01
   7.7131736e-02
   7.9073217e-01
   4.5729414e-02
   1.1077334e-01
   6.9686944e-03
   3.1827640e-02
   1.3968746e-02
   7.9933916e-01
   3.7573785e-02
   1.1325328e-01
   4.8677325e-03
   4.4966049e-02
   9.3373737e-01
   5.0758072e-02
   1.0820615e-02
   6.2808560e-04
   2.8187613e-03
   1.2370926e-03
   5.6618114e-02
   6.3779864e-03
   3.3825006e-02
   9.0317889e-01
   8.5068668e-01
   4.7837664e-02
   6.8868452e-02
   4.3104128e-03
   1.9665753e-02
   8.6310374e-03
   8.8687773e-01
   3.9896354e-02
   2.6387630e-03
   4.9609599e-02
   2.0977555e-02
   3.5323312e-01
   1.4524840e-02
   2.2929928e-02
   6.0931211e-01
   1.7916684e-04
   8.4028309e-03
   2.4736640e-03
   4.6023483e-02
   9.4292085e-01
   6.9589787e-05
   3.8784667e-04
   1.6218066e-02
   8.2169139e-03
   5.4233148e-02
   9.2087444e-01
   2.7780669e-07
   3.3007042e-06
   1.3779307e-04
   7.6246364e-04
   1.5712474e-02
   1.2751182e-02
   7.4011949e-02
   8.9662056e-01
