   5.7110628e-06   4.7577751e-06
   2.9938577e-05   2.0626860e-05
   2.8494766e-04   1.7941328e-04
   6.5501663e-03   4.5732387e-03
   5.7034044e-03   5.4466890e-03
   6.3508837e-02   6.1874999e-02
   9.2391699e-01   9.2790028e-01
   7.5395839e-06   6.8941318e-06
   3.9523876e-05   2.9888557e-05
   3.7613281e-04   2.5990820e-04
   8.6411319e-03   6.6180208e-03
   7.0681402e-03   7.2453887e-03
   6.5573765e-02   6.4037318e-02
   9.1829377e-01   9.2180258e-01
   2.3008066e-04   2.4860301e-05
   1.0924117e-04   3.9339062e-05
   1.0253228e-03   3.6153403e-04
   2.8371106e-02   9.7683127e-03
   7.9721387e-03   7.4812429e-03
   6.4240078e-02   6.3996854e-02
   8.9805203e-01   9.1832786e-01
   1.5187946e-02   5.5015530e-03
   3.6787063e-03   3.7327296e-03
   3.4005362e-02   3.3958116e-02
   9.4712799e-01   9.5680760e-01
   1.6632108e-02   9.5971156e-03
   3.6287802e-03   3.3103140e-03
   3.3718025e-02   3.2956755e-02
   9.4602109e-01   9.5413582e-01
   1.9384540e-02   1.9471195e-02
   3.8180215e-03   3.8979567e-03
   3.3725389e-02   3.2909673e-02
   9.4307205e-01   9.4372118e-01
   5.6618114e-02   3.7240888e-02
   6.3779864e-03   4.9554963e-03
   3.3825006e-02   3.2824941e-02
   9.0317889e-01   9.2497867e-01
  -0.0000000e+00   1.9471195e-02
  -0.0000000e+00   3.8979567e-03
  -0.0000000e+00   3.2909673e-02
  -0.0000000e+00   9.4372118e-01
   9.7871449e-01   9.0999062e-01
   2.1171020e-02   2.1468240e-02
   1.1449000e-04   6.8541141e-02
   6.7258553e-01   7.9083330e-01
   3.5235286e-02   3.5518847e-02
   8.5735255e-03   2.0669745e-02
   1.9931754e-01   1.3925414e-01
   8.4288118e-02   1.3723971e-02
   3.9901004e-02   3.1655937e-02
   1.9294396e-02   1.9538453e-02
   6.1689036e-01   7.4270174e-01
   4.4287452e-02   3.9331055e-02
   1.7944321e-02   2.3108288e-02
   1.8455073e-01   1.3080430e-01
   7.7131736e-02   1.2860226e-02
   7.9073217e-01   6.9687589e-01
   4.5729414e-02   4.2640974e-02
   1.1077334e-01   2.0792627e-01
   6.9686944e-03   1.0719122e-02
   3.1827640e-02   3.8115795e-02
   1.3968746e-02   3.7219541e-03
   7.9933916e-01   7.0441912e-01
   3.7573785e-02   3.5569191e-02
   1.1325328e-01   2.1003245e-01
   4.8677325e-03   1.0380530e-02
   4.4966049e-02   3.9598700e-02
   9.3373737e-01   9.2250795e-01
   5.0758072e-02   5.0384434e-02
   1.0820615e-02   2.1830799e-02
   6.2808560e-04   1.0847989e-03
   2.8187613e-03   3.8190992e-03
   1.2370926e-03   3.7292413e-04
   5.6618114e-02   3.7280034e-02
   6.3779864e-03   4.9566089e-03
   3.3825006e-02   3.2823575e-02
   9.0317889e-01   9.2493978e-01
   8.5068668e-01   7.0349047e-01
   4.7837664e-02   4.2867980e-02
   6.8868452e-02   2.0247073e-01
   4.3104128e-03   1.0436684e-02
   1.9665753e-02   3.7110360e-02
   8.6310374e-03   3.6237747e-03
   8.8687773e-01   8.9573900e-01
   3.9896354e-02   3.9237781e-02
   2.6387630e-03   8.1114702e-03
   4.9609599e-02   5.1806344e-02
   2.0977555e-02   5.1054003e-03
   3.5323312e-01   4.1742842e-02
   1.4524840e-02   5.0834524e-03
   2.2929928e-02   3.2667856e-02
   6.0931211e-01   9.2050585e-01
   1.7916684e-04   1.1087780e-04
   8.4028309e-03   5.9683140e-03
   2.4736640e-03   2.6436788e-03
   4.6023483e-02   4.5769522e-02
   9.4292085e-01   9.4550761e-01
   6.9589787e-05   4.3370619e-05
   3.8784667e-04   2.1999937e-04
   1.6218066e-02   9.5291471e-03
   8.2169139e-03   8.2318238e-03
   5.4233148e-02   5.2569331e-02
   9.2087444e-01   9.2940633e-01
   2.7780669e-07   1.9359748e-07
   3.3007042e-06   1.9867243e-06
   1.3779307e-04   8.8789939e-05
   7.6246364e-04   4.5402860e-04
   1.5712474e-02   9.6327214e-03
   1.2751182e-02   1.3237112e-02
   7.4011949e-02   7.1280454e-02
   8.9662056e-01   9.0530471e-01
