   1.5000000e+03   1.3179940e+03
   1.5053451e+04   3.8075723e+03
   1.4712680e+04   3.5081500e+03
   9.2566509e+02   7.3954777e-07
   1.3192806e-11   3.1096003e-11
   1.2998710e+03   3.5198086e+03
   9.3778529e+02   3.5161187e+03
   5.3794931e+02   6.0668086e+01
   1.4916728e+03   1.1770148e+03
   6.1791451e+03   9.7593147e+03
   6.1655317e+03   1.2611922e+04
   7.0663412e+00   5.9616527e+01
   7.0663412e+00   5.9616527e+01
   3.9903438e+03   3.3025951e+03
   3.9903438e+03   3.5577268e+03
   2.4903898e+03   1.4660182e+04
   2.9036886e+03   1.3068188e+04
   5.3870067e+02   3.2254510e+03
   2.4275820e+02   3.1084301e+03
   1.1350841e+03   1.9729855e+04
   1.1350841e+03   1.9729855e+04
   7.1129527e+02   1.0668774e+02
   1.0072377e+03   2.2370872e+02
   7.3726532e+02   1.9860911e+04
   1.2585996e+03   1.9900000e+04
   2.5634444e+03   6.1919012e+02
   2.5186164e+03   4.3678879e+02
   7.0865487e+01   2.8008460e+03
   1.9007807e+03   5.0344937e+03
   1.1788883e+02   2.5971619e+01
   2.5940768e+03   9.3509447e+03
   1.8984489e+03   7.9733102e+03
   1.1153978e+03   1.2485455e+04
   1.6167434e+02   1.1369108e+04
   5.8852028e+03   4.2367575e+03
   4.6849842e+03   2.9352391e+03
   2.0143936e+03   5.6623301e+03
   6.6967495e+02   4.3552782e+03
   2.1244719e+04   4.9482464e+03
   1.9900000e+04   3.6411945e+03
   2.1244719e+04   4.8148073e+03
   1.9900000e+04   3.5077554e+03
   2.2661687e+04   5.8903058e+03
   1.9900000e+04   3.2734354e+03
   4.4369161e+03   5.6348032e+03
   1.6752287e+03   3.2730644e+03
   9.2566509e+02   7.3951667e-07
   8.3031357e+01   8.1753663e+00
   0.0000000e+00   2.5513174e+02
   0.0000000e+00   2.5513174e+02
   3.0204955e+02   2.4511202e+02
   3.0204955e+02   2.4511202e+02
   3.0204955e+02   2.4511202e+02
   1.2148574e+02   5.0544557e+02
   3.5969135e+00   4.7947395e+02
   7.4362660e+02   1.0674085e+03
   4.5488547e+01   4.1156936e+01
   2.1675007e+02   8.3002185e+00
   5.3146502e+03   1.0602078e+04
   5.2424002e+03   1.0599311e+04
   4.4277794e+02   2.3143500e+02
   3.7052799e+02   2.2866826e+02
   1.9972250e+04   1.0603028e+04
   1.9900000e+04   1.0600262e+04
   6.1124926e+03   7.5294272e+03
   5.6991938e+03   9.1214207e+03
   2.9594247e+02   1.1702098e+02
   2.9594247e+02   1.1702098e+02
   2.9594247e+02   1.1702098e+02
   2.9594247e+02   1.1702098e+02
   2.9594247e+02   1.1702098e+02
   5.2133429e+02   3.9088757e+01
   5.2133429e+02   3.9088757e+01
