   3.5622311e-01   9.9500000e-01
   6.6001421e-02   6.2341524e-01
   7.9666187e-01   7.3690003e-01
   9.5601856e-01   9.6224915e-01
   7.0824094e-01   1.6309327e-01
   9.1903437e-01   7.8767445e-01
   9.0968269e-01   7.4582131e-01
   9.2639676e-01   6.3580318e-01
   2.4790994e-01   8.7467312e-01
   3.9876747e-02   9.6166822e-01
   9.0622671e-01   7.3895909e-01
   2.3186857e-01   6.3216225e-01
   9.7041870e-01   9.9500000e-01
   9.1829730e-01   6.0277268e-01
   8.9115391e-01   1.8600788e-01
   5.0072006e-01   2.8180139e-01
   8.8036500e-01   7.9584450e-01
   8.7896067e-01   3.8422578e-01
   2.9515121e-01   2.6118955e-01
   5.1220451e-01   2.0648745e-01
   9.7459220e-01   8.4792962e-01
   8.8800683e-01   6.2105483e-01
   3.6123179e-01   8.7275680e-01
   2.9892196e-01   7.0156447e-01
   8.6286318e-01   5.1379200e-01
   8.4461910e-01   9.9500000e-01
   6.7256615e-01   5.1934057e-01
   7.2422983e+02   1.2403805e+03
   3.3660692e+02   2.1352696e+02
   2.1149119e+02   2.5052918e+02
   6.4542144e+02   3.5963391e+02
   9.6498509e+02   3.4744423e+01
   3.4284846e+02   4.4167529e+02
   9.6339356e+01   1.8767735e+02
   6.5450132e+02   3.8995160e+02
   6.2353188e+02   2.3945859e+02
   1.2139330e+03   1.6956840e+02
  -8.0423586e-01  -9.9500000e-01
   8.6798443e-04  -9.9500000e-01
