   2.1733541e-06   1.6351102e-06
   5.8352131e-06   1.8628045e-06
   2.1325811e-04   7.3274667e-05
   6.0240286e-03   2.3059183e-03
   2.7349161e-03   2.3063385e-03
   6.2830425e-02   5.9503667e-02
   9.2818936e-01   9.3580730e-01
   2.4734479e-06   1.7583597e-06
   6.6408500e-06   2.0031721e-06
   2.4268422e-04   7.8786802e-05
   6.8531394e-03   2.4782684e-03
   2.9135931e-03   2.3715731e-03
   6.3627281e-02   5.9687908e-02
   9.2635419e-01   9.3537970e-01
   7.5363813e-06   2.0354709e-06
   7.4948373e-06   2.1614222e-06
   2.6646589e-04   8.6640848e-05
   7.6143062e-03   2.7330201e-03
   2.9272334e-03   2.3975529e-03
   6.3424773e-02   5.9687587e-02
   9.2575219e-01   9.3509100e-01
   3.8296319e-03   1.4324080e-03
   9.6882495e-04   7.6140782e-04
   3.3099948e-02   3.0908932e-02
   9.6210159e-01   9.6689725e-01
   7.0934050e-03   1.6290540e-03
   1.0271058e-03   7.6181244e-04
   3.2086598e-02   3.0825393e-02
   9.5979289e-01   9.6678374e-01
   3.4625913e-02   1.9632403e-03
   2.5470320e-03   7.9728367e-04
   3.1863297e-02   3.0842773e-02
   9.3096376e-01   9.6639670e-01
   4.6417066e-02   6.0585035e-02
   3.1979601e-03   7.0195238e-03
   3.1767665e-02   3.3891538e-02
   9.1861731e-01   8.9850390e-01
   3.4625913e-02  -0.0000000e+00
   2.5470320e-03  -0.0000000e+00
   3.1863297e-02  -0.0000000e+00
   9.3096376e-01  -0.0000000e+00
   9.1143707e-01   9.7871449e-01
   2.1238429e-02   2.1171020e-02
   6.7324499e-02   1.1449000e-04
   7.2815868e-01   7.1060572e-01
   3.3126168e-02   3.5762472e-02
   3.9196232e-02   1.0605196e-01
   1.8037513e-01   1.2392185e-01
   1.9143794e-02   2.3657999e-02
   3.4457291e-02   4.3831305e-02
   1.8741621e-02   2.3353921e-02
   6.7916344e-01   6.5323215e-01
   4.0237321e-02   4.3292140e-02
   4.1577116e-02   1.0150159e-01
   1.6803684e-01   1.1329424e-01
   1.7786370e-02   2.1494660e-02
   6.6475662e-01   7.9160324e-01
   4.1415380e-02   4.6953474e-02
   2.1599926e-01   1.1606386e-01
   1.4875894e-02   1.3874033e-02
   5.6902761e-02   2.7051803e-02
   6.0500919e-03   4.4535872e-03
   6.7195923e-01   8.0018014e-01
   3.4844439e-02   3.9433013e-02
   2.1835488e-01   1.1706973e-01
   1.7168369e-02   2.1418867e-02
   5.7673084e-02   2.1898248e-02
   9.4183558e-01   9.0864774e-01
   5.1045211e-02   5.0174002e-02
   5.5124144e-03   2.9830874e-02
   3.1660385e-04   3.4755113e-03
   1.1662031e-03   6.7591172e-03
   1.2398801e-04   1.1127578e-03
   4.6417066e-02   8.3907631e-02
   3.1979601e-03   7.6464194e-03
   3.1767665e-02   3.3029413e-02
   9.1861731e-01   8.7541654e-01
   6.9054817e-01   8.4499884e-01
   4.2311761e-02   4.8422676e-02
   1.9640635e-01   7.6724447e-02
   1.3520660e-02   9.1302364e-03
   5.1714593e-02   1.7794297e-02
   5.4984679e-03   2.9295037e-03
   9.3819852e-01   9.5540494e-01
   4.0728343e-02   4.1383885e-02
   3.9731862e-03   1.7279662e-03
   1.5459624e-02   1.2461951e-03
   1.6403213e-03   2.3700867e-04
  -1.7419263e-01   6.1846117e-02
  -3.5553109e-03   7.0534209e-03
   3.9288932e-02   3.3844922e-02
   1.1384590e+00   8.9725554e-01
   8.4985858e-05   1.8955791e-05
   6.7622505e-03   1.5696111e-03
   1.3832198e-03   1.1063522e-03
   4.3446570e-02   4.1958639e-02
   9.4832297e-01   9.5534644e-01
   5.0482120e-06   1.5069743e-06
   1.6386188e-04   3.6528552e-05
   6.8862463e-03   1.6341508e-03
   2.4239713e-03   2.3170511e-03
   5.3613404e-02   5.1412419e-02
   9.3690747e-01   9.4459834e-01
   2.4425198e-08   2.5881485e-09
   1.9946563e-06   1.6978240e-07
   1.0346044e-05   3.7382483e-06
   3.2798143e-04   7.6297849e-05
   6.9151630e-03   1.7528682e-03
   3.7996559e-03   4.1971348e-03
   7.4281140e-02   7.0991012e-02
   9.1466369e-01   9.2297878e-01
