   9.8403966e-01   9.9213337e-01
   6.5999652e-02   3.7349846e-01
   9.7555218e-01   9.7266062e-01
   9.6670760e-01   9.9240594e-01
   7.0824914e-01   9.6883211e-01
   9.1903385e-01   9.9495710e-01
   9.0968516e-01   6.9108030e-01
   9.2639480e-01   9.9500000e-01
   9.6181189e-01   8.1370699e-01
   9.5001951e-01   9.8052388e-01
   9.9324903e-01   9.7228497e-01
   9.4996119e-01   9.8761351e-01
   6.1784560e-01   9.9128093e-01
   9.7910129e-01   9.6705367e-01
   8.7007502e-01   9.7755471e-01
   9.9500000e-01   9.7327057e-01
   9.9500000e-01   9.7228193e-01
   9.9500000e-01   9.7035663e-01
   9.4366923e-01   9.7035337e-01
   1.3192806e-13   3.1096003e-13
   3.1266067e-01   2.9156864e-01
   9.8128182e-01   9.9065360e-01
   7.8747279e-01   6.9574184e-01
   9.9500000e-01   9.9065443e-01
   9.8275622e-01   9.8915568e-01
   9.0364095e-01   9.7234604e-01
   9.3717302e-01   9.2169237e-01
   1.5000000e+03   1.3179940e+03
   0.0000000e+00   2.5513174e+02
   2.1675007e+02   8.3002185e+00
   1.1788883e+02   2.5971619e+01
   9.2566509e+02   7.3951667e-07
   8.3031357e+01   8.1753663e+00
   3.0204955e+02   2.4511202e+02
   1.2148574e+02   5.0544557e+02
   2.9594247e+02   1.1702098e+02
   5.2133429e+02   3.9088757e+01
   7.8358992e-01   3.5585701e-02
   1.1982190e-01  -9.6613163e-01
